+1.000000e-01 +3.776589e+06 +2.608510e-08
+1.711328e-01 +3.525099e+06 +3.408025e-08
+2.928645e-01 +3.669985e+06 +2.607500e-08
+5.011872e-01 +3.456298e+06 +2.606376e-08
+8.576959e-01 +2.953189e+06 +2.606424e-08
+1.467799e+00 +2.070985e+06 +2.606422e-08
+2.511886e+00 +1.105656e+06 +2.606419e-08
+4.298662e+00 +4.691030e+05 +2.606407e-08
+7.356423e+00 +1.765528e+05 +2.606375e-08
+1.258925e+01 +6.449396e+04 +2.606279e-08
+2.154435e+01 +2.462263e+04 +2.606000e-08
+3.686945e+01 +1.081229e+04 +2.605183e-08
+6.309573e+01 +6.073445e+03 +2.602792e-08
+1.079775e+02 +4.452624e+03 +2.595814e-08
+1.847850e+02 +3.898869e+03 +2.575592e-08
+3.162278e+02 +3.709748e+03 +2.518142e-08
+5.411695e+02 +3.645167e+03 +2.363734e-08
+9.261187e+02 +3.623112e+03 +2.003898e-08
+1.584893e+03 +3.615570e+03 +1.386064e-08
+2.712273e+03 +3.612964e+03 +7.285700e-09
+4.641589e+03 +3.611986e+03 +3.052257e-09
+7.943282e+03 +3.611409e+03 +1.133020e-09
+1.359356e+04 +3.610608e+03 +4.019710e-10
+2.326305e+04 +3.609162e+03 +1.419444e-10
+3.981072e+04 +3.607222e+03 +5.136109e-11
+6.812921e+04 +3.605468e+03 +1.992439e-11
+1.165914e+05 +3.603886e+03 +9.040221e-12
+1.995262e+05 +3.601734e+03 +5.248162e-12
+3.414549e+05 +3.598630e+03 +3.886026e-12
+5.843414e+05 +3.593956e+03 +3.393253e-12
+1.000000e+06 +3.582314e+03 +3.239362e-12
