1.000000e-01 3.776967e+06 2.606712e-08
1.380384e-01 3.763866e+06 2.606712e-08
1.905461e-01 3.739151e+06 2.606712e-08
2.630268e-01 3.692946e+06 2.606711e-08
3.630781e-01 3.607995e+06 2.606711e-08
5.011872e-01 3.456495e+06 2.606711e-08
6.918310e-01 3.200453e+06 2.606711e-08
9.549926e-01 2.804655e+06 2.606711e-08
1.318257e+00 2.269945e+06 2.606710e-08
1.819701e+00 1.665371e+06 2.606709e-08
2.511886e+00 1.105217e+06 2.606707e-08
3.467369e+00 6.742002e+05 2.606703e-08
4.786301e+00 3.875703e+05 2.606696e-08
6.606934e+00 2.149857e+05 2.606681e-08
9.120108e+00 1.172184e+05 2.606654e-08
1.258925e+01 6.373967e+04 2.606602e-08
1.737801e+01 3.504595e+04 2.606502e-08
2.398833e+01 1.980980e+04 2.606313e-08
3.311311e+01 1.176418e+04 2.605953e-08
4.570882e+01 7.527993e+03 2.605266e-08
6.309573e+01 5.300939e+03 2.603959e-08
8.709636e+01 4.130984e+03 2.601474e-08
1.202264e+02 3.516443e+03 2.596755e-08
1.659587e+02 3.193369e+03 2.587823e-08
2.290868e+02 3.022888e+03 2.571021e-08
3.162278e+02 2.931688e+03 2.539770e-08
4.365158e+02 2.880565e+03 2.482852e-08
6.025596e+02 2.847618e+03 2.383033e-08
8.317638e+02 2.818980e+03 2.219039e-08
1.148154e+03 2.783334e+03 1.976334e-08
1.584893e+03 2.728398e+03 1.667023e-08
2.187762e+03 2.639071e+03 1.338938e-08
3.019952e+03 2.498624e+03 1.050170e-08
4.168694e+03 2.295751e+03 8.314694e-09
5.754399e+03 2.037484e+03 6.786373e-09
7.943282e+03 1.756047e+03 5.704499e-09
1.096478e+04 1.493105e+03 4.860459e-09
1.513561e+04 1.272559e+03 4.130453e-09
2.089296e+04 1.093644e+03 3.478443e-09
2.884032e+04 9.460651e+02 2.906401e-09
3.981072e+04 8.228232e+02 2.410299e-09
5.495409e+04 7.206117e+02 1.977779e-09
7.585776e+04 6.367580e+02 1.598576e-09
1.047129e+05 5.686837e+02 1.266015e-09
1.445440e+05 5.141598e+02 9.759510e-10
1.995262e+05 4.713111e+02 7.267090e-10
2.754229e+05 4.383241e+02 5.192431e-10
3.801894e+05 4.131542e+02 3.551251e-10
5.248075e+05 3.937287e+02 2.326036e-10
7.244360e+05 3.784909e+02 1.453043e-10
1.000000e+06 3.668689e+02 8.478966e-11
