+1.000000e-01 +3.776656e+06 +2.606424e-08
+1.711328e-01 +3.748865e+06 +2.606424e-08
+2.928645e-01 +3.669782e+06 +2.606424e-08
+5.011872e-01 +3.456269e+06 +2.606424e-08
+8.576959e-01 +2.953189e+06 +2.606424e-08
+1.467799e+00 +2.070985e+06 +2.606422e-08
+2.511886e+00 +1.105656e+06 +2.606418e-08
+4.298662e+00 +4.691032e+05 +2.606407e-08
+7.356423e+00 +1.765529e+05 +2.606375e-08
+1.258925e+01 +6.449401e+04 +2.606279e-08
+2.154435e+01 +2.462270e+04 +2.606000e-08
+3.686945e+01 +1.081234e+04 +2.605183e-08
+6.309573e+01 +6.073504e+03 +2.602791e-08
+1.079775e+02 +4.452683e+03 +2.595813e-08
+1.847850e+02 +3.898928e+03 +2.575591e-08
+3.162278e+02 +3.709808e+03 +2.518140e-08
+5.411695e+02 +3.645226e+03 +2.363728e-08
+9.261187e+02 +3.623171e+03 +2.003886e-08
+1.584893e+03 +3.615632e+03 +1.386042e-08
+2.712273e+03 +3.613033e+03 +7.285428e-09
+4.641589e+03 +3.612074e+03 +3.051979e-09
+7.943282e+03 +3.611549e+03 +1.132767e-09
+1.359356e+04 +3.610873e+03 +4.017849e-10
+2.326305e+04 +3.609651e+03 +1.418886e-10
+3.981072e+04 +3.607873e+03 +5.146493e-11
+6.812921e+04 +3.605841e+03 +2.011364e-11
+1.165914e+05 +3.603395e+03 +9.200180e-12
+1.995262e+05 +3.600214e+03 +5.329867e-12
+3.414549e+05 +3.596310e+03 +3.905556e-12
+5.843414e+05 +3.591571e+03 +3.372189e-12
+1.000000e+06 +3.581741e+03 +3.209486e-12
